150.6190974
146.8818635
312.9738587
14.72855718
88.58541952
62.10673426
361.7918061
76.61507934
40.98254982
48.17610289
42.57317416
128.3709229
55.28213365
479.7447761
52.77701551
3913.180183
13.68061051
522.2654908
69.94813128
13.97170888
545.2670455
28.75556354
32.01437996
335.8386804
298.7065574
79.95580618
23.52954665
63.03114342
256.9712925
62.38006259
16.34707761
133.2289645
66.01894514
363.0684789
75.73347361
21.74618828
3733.79772
142.215394
44.64988386
386.6122372
39.11796547
32.62182579
50.29796252
13.90743725
393.1952439
2292.528766
281.2512436
185.0277391
25.09873704
47.35918546
609.5333646
1088.325954
126.5430776
118.4955007
57.13895275
51.76510102
2584.765276
16.01809751
68.80442981
659.9713704
30.50277469
74.6917937
44.39605819
208.7099344
9.211111044
43.7593944
495.712526
224.9977785
296.4340623
24.52308154
14.50519133
46.97607929
45.12300207
15.45662961
215.4839458
283.5136108
250.1279461
163.1005385
312.4656668
311.3717467
72.87331921
44.2970694
117.8638746
23.52055214
140.7894345
32.30717828
651.5597861
52.01918278
14.83153141
10.55438101
26.32326187
424.9021783
195.898299
10.13482167
49.58933366
277.0701808
45.16636222
11.9752322
427.4245846
15.27622999
447.974131
470.7345772
957.45823
218.3178495
120.4920559
769.4785638
293.218577
38.350165
31.46595322
45.70840766
246.6323982
76.09936537
25.97391091
34.47375103
13.27521627
91.22532066
105.1490847
75.45531396
850.3107035
8.382952151
13.46874986
766.0148436
23.74695041
95.69049235
976.859787
87.52732477
137.0563073
285.9009866
54.00609863
47.31902697
14.24033949
952.0634596
143.3257849
47.31979534
18.49782318
17.73770733
37.11197307
442.4576492
451.6699652
1277.269283
24.90623632
55.3387564
512.1866694
123.6052846
42.46016355
61.55322606
126.9570253
406.0469737
37.86617089
4074.261155
23.74751833
176.8901339
69.12017798
25.63254568
19.73155667
42.90318591
83.55076
47.89858433
26.9181275
45.42072637
35.94595312
314.6321071
279.4169543
1026.807372
238.0018397
1507.787771
143.3839577
453.3686665
62.33751583
68.53418671
138.5132733
18.09283487
160.1884408
15.24957123
929.8751925
675.9948901
104.1716023
163.4751625
86.88709585
129.1951304
193.884043
1502.011337
74.07503939
24.95374299
52.18926011
1089.910821
55.40573098
752.9160664
1759.204018
138.7501434
90.87625338
110.7328584
7.258086397
39.46312188
98.56028307
35.61139875
19.54704693
58.65468217
40.1394605
270.6402128
26.91170796
100.7035505
287.0657502
65.13162056
61.08834102
262.7341571
170.2877854
66.04185145
23.16848474
37.06455266
124.8419838
103.7646468
22.24848248
133.7262426
98.30279847
11.27337223
35.28303157
125.3792364
15.50302824
34.41506747
42.97401685
490.5614404
50.06003619
358.230058
1306.393302
143.2715094
884.5941493
311.2679448
133.9836699
34.01913584
190.1584455
9.045564481
115.7460645
36.70436109
61.85419136
35.40985071
651.5101387
461.9075722
24.51500137
72.88527544
45.53429607
41.90018257
38.92442537
808.4007173
33.88573779
64.81503888
11.58855185
1828.621607
108.0840029
207.3058141
114.5958364
68.57203484
20.37440921
185.5114346
47.55940345
425.5483133
6.682829071
39.77377678
1982.556851
1079.303968
6.535872452
87.01484407
16.33087843
53.57916081
376.4888782
1017.379029
33.34951339
940.8366669
9.104988491
234.2581574
18.97980926
74.09157471
573.7237139
36.98905511
1236.84188
112.5529285
313.31537
182.6607335
16.41233525
125.1132815
94.67156272
37.44339827
447.5628584
640.3598556
187.5992543
80.17582103
36.06592078
125.0261072
122.9933869
122.3461897
26.88124219
107.1540783
1738.749051
237.2896632
92.49954462
174.868157
14.70813255
53.83017453
60.39932696
19.28642782
173.1053108
53.11544424
19.77176845
64.20225265
11.66088416
6.771471162
64.4756748
61.88567974
37.63474138
412.7683873
23.04688237
113.3096196
46.23199637
7.145411137
25.57775114
43.6937239
101.579388
27.32970858
28.98807074
1490.153716
17.53390374
19.05213021
109.7716398
245.786482
56.02608006
292.7066376
35.28224083
97.89444621
198.1018277
90.82583761
77.31053592
16.69596552
164.5155168
57.25426712
80.20792501
179.6206074
53.85693256
49.45348657
54.48224669
582.5198955
9.431449465
217.9133281
115.4682199
298.6819556
94.55153053
24.54979916
201.1546918
495.5803138
22.12571492
319.6364625
129.9411203
8.88774205
21.74970592
102.212409
827.8147387
147.7925591
518.6661752
8.976678942
91.46466711
94.27788159
24.74619515
255.8142263
65.25012708
22.46675389
166.2144802
8.584695368
606.8043124
67.41988199
57.44275341
60.29997374
27.78742729
119.6345239
19.94497392
25.71220829
78.69060432
142.5520404
58.26394001
71.19002413
14.13857719
2206.222138
381.7589101
36.01183396
65.67461102
6.162610108
496.9849016
69.04619606
88.15378831
102.597531
27.90295053
38.04414616
45.5042289
272.9076818
47.65304143
166.6360142
70.68983326
350.2803955
46.85061889
30.39655305
1381.471667
38.75796111
153.0570882
115.0145148
379.2748034
187.6362698
30.03952437
27.7081315
206.1701483
170.4217566
13.31017401
364.1715449
356.2551706
37.87859074
427.5293687
251.8331053
346.2397363
12.95666209
163.7771517
24.13087146
40.0979712
55.46435916
518.3962873
24.57520789
14.73528231
197.452926
100.8604475
251.6022155
36.29800617
203.5476416
10.61603877
77.02648971
65.02699522
282.0943012
210.0329485
351.7580519
62.29320266
62.20872269
64.34151563
15.16938441
1231.055378
78.12034932
576.245241
860.658262
52.83424253
66.88584811
310.3236401
41.70649499
64.33610103
194.2167968
100.0909735
25.18920914
4.513777147
49.88534827
21.57038679
349.3524137
51.06573417
21.41174704
250.666259
56.07116325
391.0922243
43.9659076
274.9302332
2299.359358
118.6354665
515.9986168
43.63345586
42.71829891
77.80750895
31.1843775
16.06852178
451.5212287
11.7713094
10.97642508
25.79272685
23.12475316
92.99548304
173.4371931
136.0178829
92.50542537
224.0472309
171.2067979
47.87104153
21.32171886
47.93287121
38.32767741
43.64169007
18.81036713
10.35787639
29.79474035
10.86744636
55.81500056
162.9085123
109.1862252
87.90658333
27.91538505
550.123324
43.4257139
78.93261429
30.98913329
258.9878924
324.1141723
56.31300041
62.53270222
146.2560067
23.53473842
434.0243712
241.0527498
95.84718169
21.28058666
12.58646504
302.8436247
29.63580429
4118.700367
121.1448957
75.36579425
18.40268552
51.31467455
99.87931435
58.81199588
223.0395299
12.21996036
34.0535518
12.761073
499.9492209
77.88334409
80.37754542
48.34932448
167.8351828
29.85526524
58.67665497
12.77696322
32.02963082
47.56066652
126.107816
29.6971769
24.34090915
61.62745581
546.1284167
189.1113754
609.7646208
39.70928412
138.9836416
41.03678771
304.5757286
115.3119167
8.701941951
121.420339
23.15351174
24.06317124
56.43641679
840.8232235
118.9671849
51.9128354
18.39054378
97.38904676
2505.857492
72.61305832
44.3015039
68.50032346
22.83520633
227.2111945
11.21093405
132.2773753
27.26338845
108.8020879
940.1611572
544.0740461
154.7671972
157.3517568
71.05101642
110.5228716
85.28184253
8.036871452
305.6218609
76.08064964
333.9839468
485.9287364
344.710721
78.82598064
22.9527664
826.6601493
37.89697975
109.544106
293.4479154
34.33602939
71.35799178
19.72678805
381.671498
49.62956239
162.3414587
553.0788008
514.5001132
954.1711478
18.34756296
471.7681625
64.13346187
432.2819169
28.95895956
9.559307507
423.6875049
12.10163703
82.84862195
40.90199716
71.07232282
48.93087587
59.91389773
1068.454815
37.02727161
291.7878571
114.5128758
143.4484386
153.2094646
18.78393847
36.85400859
43.50547415
69.65999459
49.79132451
156.0999753
16.70711591
99.01179393
124.3362572
363.4157022
3866.069211
650.8553743
124.9153689
10.81379703
63.93636273
532.8855284
12.7492802
77.2577169
17.27610919
104.2335531
340.0919638
192.2302505
19.15538551
21.03435231
208.3549371
19.65786036
420.5305654
399.7656153
201.1609068
614.9559615
19.15857537
977.6945978
77.74412463
106.1922261
13.36290061
277.8474686
32.29678503
49.12751942
12.0736417
124.4945523
31.26259117
24.98755264
53.55178146
88.90364186
30.84270316
60.83556483
239.9324917
921.1461523
66.5111944
23.40464967
50.49289448
140.6468867
191.1216393
55.02064975
74.94606286
38.19658083
56.11619966
17.72016959
17.44368625
542.5710677
61.54636377
79.0815563
66.989864
34.91131853
81.68570721
152.7930887
90.92207619
344.9277254
466.5686679
169.7783906
59.36611628
101.8008701
171.9948575
21.34741227
304.8339009
8.724602822
99.14576286
18.88478506
1125.685929
9.061576031
131.079948
328.6874494
147.1105516
177.205901
391.448472
57.48763927
65.82608726
44.29653819
446.9653092
29.48236988
27.14575855
9.605748171
364.6488029
121.9872755
71.36635197
94.21781562
489.441173
11.15751592
122.0093065
128.4994784
39.98713939
17.26610949
20.04207471
53.19823804
36.02137533
38.71005745
238.0209819
64.92982956
474.2042172
422.0921739
43.51665134
36.61207931
22.38239174
726.9894679
33.98512291
84.55460446
3721.68639
256.6359156
16.48272496
249.2499853
51.75752043
125.9787012
19.2832321
8.71357606
429.1607052
72.12759502
122.086877
114.1537929
744.8850014
32.32031567
8.2298147
449.7376998
22.59355098
415.270003
736.090855
3451.383532
113.9615467
532.1235519
38.98170198
217.1229335
17.2895433
9.233528852
24.31631204
7.714158443
240.3381165
74.11396408
192.6711646
12.0758099
70.75064506
117.2491467
98.94256039
8.466093287
102.0345273
65.59756574
143.8501881
587.4845221
60.45941829
71.47432501
34.5412503
3598.61169
57.92084235
248.4991577
36.1842697
413.1107086
32.60879613
222.6995231
122.6429299
337.2834166
886.6876993
913.8581837
234.1065406
653.1874649
40.02104511
47.70445807
298.936419
106.1351284
134.4381835
507.9069043
3408.856986
40.0724366
191.6805317
296.5457559
88.43090063
4801.087361
39.52535612
123.631577
13.77340364
30.67189554
29.32473555
528.9643956
47.53980816
16.44752087
135.3225575
14.90866734
7.040968089
1925.226735
38.49748169
129.9124173
123.3229622
38.14034892
55.56996708
72.91604288
70.71703203
246.3098158
2545.706329
48.76051817
19.88259094
52.14369671
64.63548251
556.4040434
115.7260026
12.42309015
45.29442317
13.70660845
18.78328085
6.535789581
374.5702337
77.12787692
59.62917223
49.03738851
92.05248463
118.7238488
19.15367597
116.3160305
56.35653597
303.2866328
378.2309562
353.3595377
203.378585
13.19670721
16.36500506
642.0209223
14.49277115
26.86010063
25.47664145
1033.510204
150.6661899
7.399413558
60.28858924
37.04158893
549.4850583
13.60946741
506.0155309
8.608946944
65.46865763
288.3952344
3940.946207
255.8060208
160.7506297
962.3594695
27.29448995
286.5259359
109.2673273
187.2069629
55.67313616
114.9774629
36.29781499
203.0443696
194.3386599
67.29893104
16.3205623
137.6122646
182.3174236
75.66700269
9.827993214
1314.758573
46.26413502
18.9491108
84.06253427
80.75518041
43.03519971
59.78142397
14.31940274
39.39830408
26.01464397
449.0075716
266.2708749
42.28387641
94.2463916
11.26014605
418.9119654
1072.409961
600.8347135
649.9360247
178.7758017
2127.085003
58.72362852
46.70437785
148.5586991
166.0598736
42.7493249
59.8096594
122.4304106
193.8109361
27.25125252
324.1314954
5.119869784
10.53023829
52.53954886
24.70047428
39.71808603
54.99383271
22.31594272
16.8652814
9.450335379
14.64908342
341.4667818
127.5920802
256.8169725
850.736794
6.864490384
88.21933241
1343.103898
447.4678762
24.30981972
27.21727912
65.76485401
26.66541183
31.00595147
85.39642473
205.2747641
159.3469802
34.94845286
103.1695209
103.8198314
1611.121754
940.0606051
693.2905145
212.8294519
40.27044818
222.5966204
461.5402918
90.24815984
24.88113911
47.13707372
15.907727
67.53910392
16.59682965
276.1036915
12.12868908
123.9659783
125.6072341
59.38830965
176.5382392
113.9697948
174.0014893
17.11525104
128.9142893
524.1102943
35.37156871
55.51929459
230.1410317
24.36849526
1776.055045
59.25505891
245.2495268
153.2570495
43.2198985
25.68687292
29.42799375
226.0828494
356.372796
81.71824218
572.0948762
79.03366827
16.63512957
34.19848179
43.82416367
198.4183833
75.94709225
259.0334878
56.23182616
26.4730552
126.1681941
31.50757421
24.42166669
18.14465177
758.3059692
33.89733264
83.73264176
330.9835069
115.7975411
191.7261893
144.8618405
41.96377224
120.214859
987.6364554
13.77676426
189.7629867
479.8125956
168.9471217
40.67990327
2346.024205
244.3007937
42.15892243
50.48297708
81.13149398
495.3891225
31.74040246
43.72229101
2350.828719
96.37602329
112.9920261
28.47177967
85.85694809
29.4887187
203.0353356
632.2434383
281.5494409
22.84623131
112.5797154
162.4576781
37.61303526
36.61556116
168.1211848
1435.164733
60.54235682
52.35163032
264.1400959
161.4662396
61.76682376
52.55976286
17.52321532
11.42363336
542.1848556
43.79606172
268.7353084
98.92614508
285.7190416
60.6864048
30.38226691
300.22894
32.90394382
40.39953205
258.184507
26.75623964
2141.695331
195.8861447
51.63676429
47.82632951
60.79048825
9.991069522
391.8717082
116.0166931
150.628343
155.6971251
72.27884751
41.85821367
82.52993053
196.2565076
31.4811217
11.10432699
107.9897961
266.3906295
159.8860304
117.7620706
6.168425431
28.16171314
13.41108681
603.9490024
21.94550592
33.3629818
52.04296197
59.23582064
728.5547253
63.78963659
26.10343558
58.02184907
139.2680258
49.296321
38.72616382
213.9787318
963.4453914
68.47877526
413.6452798
46.39496334
11.0586626
10.84029973
240.5327331
101.01462
36.00660342
317.7038359
179.8192564
627.5624224
2034.969723
22.66756758
103.7800725
205.4689272
54.01072796
1762.686799
60.26773644
33.22672163
84.96083867
16.65052195
6.625767165
39.50513994
21.82701661
280.5052509
79.62913246
26.61955068
101.9246477
307.4045189
18.64189355
157.8293395
444.4832744
290.7253435
56.27021416
97.1366154
156.0447867
62.14959571
2858.425842
25.28982344
273.2293128
1163.821235
207.5506811
278.6284834
547.0963954
19.23185568
512.2256348
145.2933566
52.36820463
35.61698169
85.26715165
16.84090828
11.72470855
144.4967406
111.2145723
348.6358934
292.3265753
330.9679017
2319.583316
79.21040669
431.7820216
90.64202147
74.18161256
21.16751479
644.2984786
21.71775678
276.8882026
58.24325638
103.3992027
277.6623091
70.50770023
176.1316045
21.43954816
159.2565632
39.93403823
13.26010137
654.9355052
322.011128
266.8493709
5.585189193
185.3202732
31.65479681
40.05896404
315.3966099
95.10515205
1665.701813
248.5663875
70.01864026
779.1666794
402.2846378
2818.115575
68.26507519
18.81661018
174.9751079
175.7883667
1217.659721
32.85567254
512.0777597
90.76713085
24.32849425
33.61638178
51.7145374
13.03736368
130.9217666
30.41840149
19.88447877
7.803294112
284.8477998
22.57485846
23.81383744
25.56955499
92.80615194
694.6020118
200.8776964
132.3713153
56.8043962
54.96882819
40.82204206
118.088144
191.9417465
81.06338657
37.80953953
131.6146814
85.76900137
350.6712481
321.078543
253.7068019
61.10524243
47.34742811
21.08996258
46.55784902
14.77060821
31.54630596
11.38643388
10.30140861
52.00647419
84.83646478
115.1402137
104.6717796
112.5144463
37.83734532
333.6654239
80.34129892
25.17010125
94.36567975
173.3660749
132.0560302
27.25166407
16.79960022
45.48561893
38.72976097
250.0137532
1634.014764
65.0153691
83.02729664
41.46945788
19.92964751
137.5535436
118.1791832
74.38030027
38.8159712
279.4258674
9.591645195
62.62236718
82.99476008
162.4936599
70.15423204
79.22160371
1173.165981
249.0038755
67.79902427
75.71397557
1426.596833
521.5775016
40.13163042
82.85030197
17.77323233
126.6903989
21.71785007
52.80801539
27.45484955
260.1727434
10.51925384
291.8432436
29.9211527
8.875396144
2527.583613
21.92727533
348.9608108
117.7516101
215.4487637
1025.754838
13.00778849
104.5810368
97.25747872
663.5396754
440.5555556
33.2916954
63.81934286
20.896918
7.283601585
1170.273362
1268.365251
34.63260272
895.1034558
76.42429274
358.4413639
42.15166598
51.05535177
869.7290663
535.2402529
82.56334025
91.77814645
11.81606794
28.11737491
20.55569881
242.3291273
283.4582104
96.13539206
109.7679775
39.07950744
215.3051963
53.99792393
267.9405339
136.9900894
388.6733751
121.2053453
1219.582923
41.51416692
38.73127876
260.8129689
48.32672098
68.93692176
64.98300156
36.69241786
146.257333
126.1414368
68.53394995
953.0440882
115.6521443
46.24803265
612.9233064
248.4121239
1513.844816
25.2088828
49.02496459
91.65447105
99.95834569
50.81993286
125.7598362
351.6890178
61.94177384
27.02012517
261.0820164
106.6362666
33.45287707
298.8945752
1060.879187
134.9533352
2223.70348
219.4394343
55.31505728
39.99898518
99.71097631
159.0028775
19.39838175
10.05091029
33.42090975
110.3468258
42.79590998
60.92845147
44.62758829
21.84827814
166.4450425
119.9010674
897.366224
31.20016479
34.0948338
55.52263514
168.9011288
212.9254389
815.0515874
237.8842707
36.44666261
187.1507806
114.2645005
316.638454
428.8022484
322.1578393
208.3756011
104.7523132
23.28729218
126.374498
681.4098884
29.89451168
30.23029186
34.18868856
1041.882347
5.73991586
191.2974543
68.43346989
840.2190322
338.0992696
40.24725151
279.3934202
44.2246491
803.4474701
40.9581367
103.5228557
582.6365938
11.11913774
53.95952107
124.9401179
31.08279892
62.54888803
210.699534
70.54215176
4092.519676
146.6531421
23.92184496
139.1095737
52.11165087
21.2048588
52.05558457
181.1875534
262.8050924
128.8127561
881.7027149
7.330247813
36.93523008
80.16782221
20.62554459
79.37051059
78.49926956
6.587271369
484.2971019
86.5757142
76.15233693
263.8749021
111.3171764
35.70483519
58.72842171
4574.023314
159.4365745
43.48565587
42.96882871
79.92672656
1151.086231
2777.914153
588.9792249
21.77469964
56.85542265
167.2533778
51.36102668
21.32834935
502.3347028
44.39921741
649.7356172
49.91336896
94.63708938
19.35265565
144.0632245
22.87497649
66.24546528
64.71759755
2082.082419
213.4384256
36.49847256
20.53422829
1092.008203
90.16920519
41.22423303
36.07706938
7.575387036
94.9417003
7.511373386
27.89299289
33.27515124
25.68568265
22.01989644
159.2907986
51.08141074
10.64853655
135.0257404
186.6046035
13.50506141
89.38288905
40.23192122
35.80308672
289.9885577
46.78630607
22.44237776
28.85091371
33.99322229
21.16274143
240.6248341
39.32803626
40.48509424
117.5088523
42.00719637
698.9871939
14.038344
3370.726514
10.80779826
70.99510285
217.7915257
6.80705052
544.9775469
36.55105905
53.8835152
6.754130474
1584.787744
97.11395627
381.4266722
56.92959151
20.24825711
778.7104997
57.16064376
80.17936156
22.7630913
214.8528476
53.08200935
380.4309317
99.27443454
24.74274063
64.99556919
292.1370835
146.1481151
81.70347721
894.8028089
225.3374694
46.3866104
564.0657014
45.51561621
62.09039165
224.8331219
44.47495313
182.3083157
13.68758619
215.8084492
21.07796164
296.6465954
153.2172479
357.7194501
70.59092677
145.2220631
125.8634745
615.5439518
15.73827185
14.91694571
11.08863835
18.98044295
39.39107168
162.0695504
27.73186762
62.9017287
29.0582195
53.06989527
14.89633072
287.1840256
98.12928677
208.260909
891.2474542
52.2821967
768.6731677
56.3825792
50.22356745
13.56089416
24.97467731
217.0484524
93.52211628
10.11644901
9.093555372
88.95064248
20.16624411
81.3329734
301.8429864
221.3150122
57.49898603
718.6025746
12.65656675
8.231589178
52.60449652
76.1956167
152.303103
48.94853188
20.26062515
24.43713301
23.55556493
6.663765907
291.8932452
472.0009245
263.1138852
413.4714347
154.5490066
199.0809581
27.46474083
20.52596477
249.9777493
471.0441503
14.25924515
258.8791178
209.0097926
20.23629914
81.54479319
112.7286295
8.457548648
38.53549954
7.338844196
144.6409349
164.622268
23.48229247
2404.505028
58.59904933
194.1020894
34.66341157
53.82926546
305.0274323
41.31402239
52.94709503
59.37302723
192.1727791
65.8545849
2474.177368
100.3486122
689.7636157
2423.053875
91.94398775
32.21825281
15.89306818
135.2508569
33.01399494
429.208719
58.05600916
433.96978
38.47575263
974.1874568
42.63398233
440.9946493
38.31018808
140.8506152
35.38815937
29.34615585
740.7002522
376.1855197
70.65124872
92.21683504
72.25539808
26.74720094
57.8187212
18.90615529
6.640949632
69.6947868
228.8899539
75.29948282
589.1339903
16.77661975
299.9466994
9.373323674
142.0190969
133.4242697
617.8426493
321.81073
1147.176122
32.42530248
42.37948539
48.50332491
63.31821955
94.73593183
60.56332122
45.45801011
237.3747186
128.2622012
45.30634398
77.43883684
839.8880861
26.55058182
153.621551
104.8894713
22.10353281
9.279902046
19.49237706
84.46709187
38.57411104
24.49617372
871.4182038
290.9001729
30.28001622
587.8735899
6.317034987
87.58895303
69.49204154
217.4872954
170.2953363
6.920762475
230.3473426
96.01203842
173.2874082
125.3522001
16.26570676
62.95342589
41.2079044
34.47758358
1891.720989
43.70654302
237.1215047
221.9632379
82.73129604
95.42756701
127.5891623
13.28970039
31.53656123
16.89532979
3125.601825
531.9379081
18.1897353
72.07855185
163.4988112
3497.87976
27.27380292
25.74727491
65.08260204
19.71586152
1396.050999
61.25552365
28.45659089
48.28673698
2369.623573
41.89580478
203.121296
16.9970579
61.13442459
6.078183226
30.21922478
13.22730402
97.88688157
124.4194447
36.91031298
64.55538384
223.465021
33.85713873
124.0191364
268.2305271
55.49990643
193.8307038
44.69354135
5.982349436
35.05205716
72.79858726
195.2420829
188.006957
1247.66707
45.457713
129.1657492
50.24886833
69.48286658
201.4390801
161.2241065
27.15685171
30.82554474
117.9550974
89.74565394
300.6170025
38.57135477
76.2592226
1541.914116
23.14672898
29.16432497
237.7025735
1228.387972
80.83935046
97.32448323
121.9901109
893.3493819
182.7703865
732.1823193
9.126863718
522.6102776
115.6749826
337.7189534
152.2357233
769.8834762
44.65302421
24.18948163
16.94360754
202.8828899
84.86675267
90.39544081
201.866763
102.5829832
50.39445211
154.4132675
6.510360457
32.7131601
963.7989495
64.49336652
33.29270648
89.15434514
254.8931539
182.4596622
49.06269745
676.6869729
126.6129573
23.36181668
25.97665266
62.70971555
12.12409168
283.4401041
708.2750317
43.20513513
42.26665986
198.548205
59.00910313
182.2370131
5168.590615
1565.505758
271.4631701
36.85693509
13.32651607
819.1544058
95.93873625
59.55736147
12.45578093
25.91005591
132.7180205
1034.2698
1872.980257
683.7732293
119.8057038
56.21225101
98.99013598
75.99266026
151.116282
228.2133086
213.901649
43.49533133
69.84273992
101.2299652
7.097894844
30.47504212
291.5673637
70.89977745
24.12496191
333.9532682
7.237319589
11.49000987
162.1945585
6.882276133
19.21760349
192.92881
1642.395181
88.37467169
32.08075342
5.467380465
18.13767598
66.47743143
20.05839194
89.27035606
334.2665746
361.1923076
76.67733621
151.5471051
1056.264015
9.558824221
261.3373129
29.38220289
457.8770902
46.77465045
125.0981821
61.25202385
19.39565074
92.62551935
89.26135845
150.2169499
404.6812499
595.7218982
173.5072504
64.76722639
15.00242648
116.8934746
43.64734886
28.02874973
23.70807386
601.8181114
109.710299
225.785625
118.2297483
45.75305538
910.0785682
948.471577
14.00564192
103.6977008
65.63566915
61.74501337
9.32589659
211.340959
71.78893675
279.8340219
81.39342211
315.4363794
22.41040371
385.2008342
279.6865412
439.3964948
71.12731206
81.13498239
127.9476116
1145.641006
580.4016239
169.3569158
82.82531137
42.00301307
76.54168345
24.49570562
11.1702274
12.7902936
739.4164742
12.21310394
177.1185137
10.0552084
84.81700719
45.68449059
35.46559838
120.5803509
399.8130773
23.56096916
27.99036885
65.11024438
1625.907635
474.8806799
30.18249103
129.8300803
17.70169389
144.3882069
193.018228
49.30461874
231.7187061
817.3161628
57.88275703
28.35889986
22.87452617
540.0064244
111.692632
350.0207107
15.93481174
333.1742432
43.91531851
122.1487245
41.58052228
31.31151203
1574.072509
330.258261
132.6840452
144.1841783
236.8826402
221.6255767
2422.772231
129.4375903
13.50815464
270.2748094
534.6161662
45.75485462
104.0991549
273.515395
29.86164468
26.73374438
76.13359867
112.3859578
3041.013384
6.702106834
365.5929157
136.2115119
148.4609482
207.048826
104.8512366
1061.454043
24.99882644
167.8903677
8.17215705
45.99462159
254.228584
311.3891628
30.60570649
102.2176687
101.044161
12.46346872
8.176940216
150.0730786
46.43819694
27.7709778
62.18055607
302.009518
8.283695682
222.4250756
20.97011926
414.3808592
557.4698816
28.60581461
687.0787071
829.1725358
257.1317995
30.96109009
95.0605888
25.26008939
155.7160587
324.7291634
61.26645593
166.9243438
720.5132314
548.350413
23.60573477
13.18070965
118.5800522
169.0787228
13.01406954
314.9976098
80.2332535
12.14199945
160.7528396
152.7771706
30.13771425
117.6654644
1002.426234
25.20512299
717.0573229
82.81517687
2370.568554
130.6054414
331.7166507
53.95636417
35.16363757
3548.783654
566.3886371
33.49022505
530.2751985
165.2091749
180.9097647
909.6428193
155.9458071
19.26849955
2168.695655
104.5965303
34.02462839
167.1454041
39.90518582
20.44821865
299.0462291
33.27911901
428.2552417
114.4962785
858.5172944
484.9743795
10.17018463
112.2361908
401.1700687
32.9373882
48.49365502
41.53822231
1164.333711
629.1809898
13.12833788
807.0830701
748.6281259
114.8253742
39.99465937
45.54115113
84.69092583
1472.939432
4002.309973
36.27247243
44.36954471
475.03369
105.922264
74.12016632
122.1906797
33.09782098
1146.771029
68.035178
18.64328669
297.7254768
491.0631061
198.4120732
11.22920001
67.29220027
297.5662392
10.64761006
36.36042857
11.91825478
315.6959004
421.6801589
18.34912706
388.4614913
964.9973019
19.74307599
24.67451515
51.0342762
164.4096157
91.94291428
29.14604263
73.65926488
2461.025536
31.6795722
272.3076436
12.7352979
270.2285556
37.16342512
92.90233184
92.22686896
45.84870649
192.3814628
79.07418585
11.97686057
39.09980682
275.7406412
267.24727
3.984054438
115.843059
3100.262404
5.703757008
86.96350124
1175.870349
38.7991449
36.23872275
168.3962727
255.7291396
18.83395947
57.65364967
155.2635413
313.0906782
293.7416312
9.24470106
12.72906552
197.6520497
434.7326693
51.4570168
156.6709144
208.2422186
17.62992083
7.78369488
61.4703824
69.34988838
114.0883747
228.0504172
348.9794723
38.36239454
34.56010714
28.32311891
16.7771582
22.01494795
1608.665951
111.8867625
421.855068
50.45368083
363.627097
180.2634507
8.460622475
124.1872861
44.92916938
29.78259909
69.59291703
28.80711781
252.0876161
35.63471266
1136.045793
82.0677118
545.4628074
13.85852796
9.564675802
158.5141654
48.03925187
127.2846989
133.9865987
547.1157529
62.6202581
756.3947605
284.3112001
24.10330086
168.2884005
76.42748124
45.22264494
68.17618179
1057.526232
107.8625971
139.6674768
42.98119241
9.024771887
1557.548263
26.41934713
28.44495917
240.2889844
264.8663476
78.25518369
973.112703
182.6940911
51.0297323
45.1120084
50.11726651
53.32018133
283.6751868
159.6808243
181.8174605
30.34194198
17.52355027
38.8079186
299.3988268
2528.635325
68.83316977
44.86842679
51.78821939
1262.424425
184.8949765
45.63246037
503.6493528
58.53324887
206.643591
42.53012062
14.76081734
101.5697952
239.051814
96.45443716
214.26967
25.227935
68.69187903
568.0821433
49.95613741
516.173065
155.7552789
75.37021072
438.3790317
131.3080346
398.2587267
73.09040513
169.3624853
1049.594022
10.81799876
18.10883543
809.8388315
77.6711789
28.39495507
187.2219936
559.4069033
19.71236597
19.89169569
307.2735329
54.2576299
645.7967513
84.02489512
110.4631616
151.9828382
10.14240133
13.4777312
237.9587932
2195.962509
55.28277205
87.00651117
492.3761946
360.721673
29.05131894
52.60016753
19.57174164
250.6354818
370.4242732
872.0001255
78.43707149
75.97008444
43.00697098
47.98344085
62.38564485
78.62709471
375.5415825
121.6120608
119.1172561
97.34748405
57.00954272
6.822926174
70.124022
204.8390044
61.16607096
224.3891016
42.88390605
123.5788617
33.46089668
23.59940388
173.5886042
46.39888245
49.44929054
751.284112
76.37799245
45.24931875
551.2532335
27.83024228
17.47800592
671.5868746
32.72210171
350.8918202
1028.780683
74.72505947
345.6863357
10.46831274
13.01714439
429.3827526
33.84407475
50.08353483
63.70620417
82.41208605
45.04220198
12.52464534
458.1800186
12.34392428
94.52447279
210.8612797
99.36168151
34.8261583
3432.151539
107.7412669
93.01714359
472.0965015
350.8137959
17.32728952
388.414645
68.56282431
100.8003789
70.26741525
126.6793783
66.84019986
29.87490475
76.29315765
6.915161831
10.70208772
105.2194935
38.2624179
58.23736336
9.409980184
7.380346399
24.54476632
6.58191788
78.05313627
126.3401625
11.5209058
12.7085948
42.05728659
79.69358304
57.6523219
65.80484766
36.87821311
30.93832654
194.8040212
736.7130173
255.6141566
67.29455482
20.36968762
7.541203267
44.81905471
170.1401284
109.0992959
74.50779631
97.3756977
188.440779
26.63512073
84.65329723
19.59058792
111.2724176
23.77758921
153.669517
546.0836368
57.18001632
49.47322131
54.16316495
26.45888081
96.75376463
12.24429583
10.71507138
317.3755745
192.3182097
313.0911111
224.1025897
196.8367129
91.53330353
1850.04815
13.37572529
591.8138363
237.8471531
34.09776203
276.0280627
229.8714057
457.6959758
83.32746796
472.8061656
60.86015077
30.65727187
9.025791696
39.10445338
679.9366413
21.684049
11.94986076
44.06232822
179.1319542
796.2264555
13.48978139
84.90402445
594.0681126
113.351207
14.62106982
26.03862252
92.36833098
267.3052628
72.50294938
600.8142617
16.4955266
70.717567
61.87430917
8.883503452
42.07444779
157.8922178
120.1157297
130.344809
19.11964069
107.5352302
1301.096537
17.02538344
98.70081608
91.0558054
61.54883902
20.15628395
38.35717511
55.92652657
39.37002013
42.96706129
526.9028255
41.07025493
179.0360142
219.1221474
55.5152904
67.25702132
43.788243
58.31574308
237.7238478
63.30611639
139.0965317
16.46975402
249.2243669
1963.165025
30.52177059
24.89393738
185.141883
321.1381574
236.3417259
29.26566377
11.06405717
79.57419232
21.58641234
358.0020155
8.88771972
19.4641499
9.643282321
590.0193519
675.0204436
66.29012863
87.83281728
45.33304008
85.59926592
50.32426921
48.07061279
1070.64946
91.77573427
26.16274698
1050.269331
32.79270404
658.4205896
209.1471945
22.6562198
107.1098917
1165.650965
30.1721988
385.341114
697.1636634
84.28565798
56.67281861
32.2676275
263.1350825
151.1922872
1277.458422
102.4412344
69.37000781
55.61644166
46.02891318
10.54515672
57.40649414
62.91641566
28.32630948
15.66253718
198.6887288
18.2859956
271.8189381
239.0782703
63.12109718
32.34373566
11.11372766
283.2040811
56.35923578
113.1926775
148.1234902
45.477838
19.60044235
420.799312
334.9912531
82.23892623
261.4348764
8.400356137
62.98634986
98.93648293
63.14595833
27.77008455
64.42626068
202.5244926
6.565496435
94.13673948
